kernels:
3 3
 0.570989 -0.665669   0.95941
0.0904374 -0.869209 -0.440341
 0.256038 0.0927894 -0.979683
3 3
  -0.31076   0.365512  -0.639223
 -0.183742   0.125453   0.839183
-0.0143837  -0.220727   0.839962
3 3
 0.552602 -0.640363  0.372954
 0.129159  0.448968  0.580677
-0.329494 -0.046599  0.427372
3 3
 -0.501008   0.119802   0.214241
  0.125948  -0.548465   0.222787
-0.0959172  -0.919348   0.699796
3 3
 0.764847 0.0453807 -0.403783
-0.379413 -0.897727  0.165694
-0.274994  0.384222 -0.097808
3 3
-0.0466143   -0.35576   0.457644
 -0.406936  -0.757321   0.108724
 -0.337215  -0.605062  0.0932413
3 3
 -0.53695 -0.438418 -0.195236
 -0.03349  0.643306 -0.254338
   0.3953  0.704055  0.124773
3 3
 0.147708  -1.29827  0.116696
-0.541804   0.11728 -0.318508
-0.467601 -0.190318  0.560217
biases:
0
0
0
0
0
0
0
0
kernels:
3 3
-0.0167883   -0.28482  0.0590119
-0.0767286  -0.254485   0.070451
  0.132725  0.0621122   0.113943
3 3
  0.040752    0.05467   0.200345
-0.0721549    0.16929   0.183987
 0.0172902  0.0334106   0.133091
3 3
 0.265514 -0.163516  0.105574
 0.148466  0.212495 -0.186041
-0.347956 0.0161065  0.224474
3 3
 -0.111311  -0.132188  -0.216807
  0.168958  0.0281974 -0.0595587
  0.359589    0.41433  0.0746148
3 3
-0.0208234  -0.156264   0.041555
 -0.142545  0.0486544  -0.184013
  0.262708 -0.0112948  -0.055093
3 3
 -0.319389 -0.0728566   0.351742
  0.260331  0.0215889  0.0200044
 -0.170662  0.0264491  -0.212869
3 3
-0.0664733  -0.407722  0.0629625
  0.102347  0.0370539 -0.0306995
 -0.238977  -0.302025  -0.163716
3 3
  0.229273  -0.269854  -0.186001
  0.083227  -0.184033  0.0331472
-0.0882808   0.266343  -0.190021
3 3
  0.0851771  0.00791344   -0.125561
  0.0898801 -0.00964609  -0.0439971
 -0.0968585   0.0162686   0.0361057
3 3
  0.166196   0.137313   0.188657
0.00843591  0.0328234  0.0154388
 -0.130552  -0.153566  -0.139374
3 3
-0.046099  0.241194  0.137972
-0.055099  0.145362  0.251559
  0.16781 0.0515463 -0.326751
3 3
   0.11437 -0.0411894   0.122797
 0.0855844   0.134013   0.343152
 -0.215372  -0.149417    0.11762
3 3
 -0.193389 -0.0947709   0.103854
 0.0988563  -0.293407   0.171419
  0.305939  -0.369311  0.0261348
3 3
  0.215432  -0.032397  0.0710621
  0.179391  0.0186463  -0.228713
 0.0422728   0.126797 -0.0835557
3 3
  0.0859702  -0.0734565    0.149647
-0.00183523   0.0509182  -0.0942914
  -0.127102   -0.144024    -0.15154
3 3
-0.0761809  0.0495232  0.0612387
 -0.184662  0.0114524   0.270481
-0.0421874  -0.115207  -0.236232
biases:
0
0
0
0
0
0
0
0
0
0
0
0
0
0
0
0
