kernels:
3 3
  -0.291579    0.646599 -0.00762462
   0.270009   0.0772641    -0.59009
  -0.158152   0.0279954    0.320299
3 3
 0.233832 -0.117229   0.11036
-0.121458 -0.403977  0.782222
  0.17341 0.0754883 -0.110429
3 3
-0.233548  0.387873  0.113578
 0.490719  0.429904  0.478921
-0.470906  0.613186   0.17348
3 3
 0.060367 0.0195965  0.479785
-0.796846  -0.32008   0.29929
 0.460397 -0.416427   0.20942
biases:
0
0
0
0
kernels:
3 3
 -0.184531 -0.0183844   0.502923
-0.0520248  0.0127138   0.183405
 -0.169789  -0.240386   0.216031
3 3
  0.084427  0.0495979 -0.0896816
 -0.158819     0.6333  -0.247578
-0.0834869   -0.10171  -0.194328
3 3
  0.154463  -0.378127   -0.11198
 -0.432867 -0.0539135  -0.117081
 -0.226071    0.68742  0.0286055
3 3
-0.0768216  0.0695902   0.171838
 -0.408688   0.128603   0.028355
  0.100065  0.0343362  0.0783749
3 3
 -0.410659  0.0652486 -0.0924017
 -0.274197  -0.123675   0.108558
  0.163256   -0.20909 -0.0756859
3 3
 0.0163805  -0.232493  -0.103632
  0.198069   -0.21664  -0.452651
 -0.521243 -0.0277976  -0.198103
3 3
  0.153156  0.0353475 -0.0477152
 0.0344377   0.268474   0.281798
  0.148054   0.558874   0.338423
3 3
 -0.133143   0.348351  -0.588506
  -0.17451  0.0219878  -0.102532
 -0.244901  -0.195079 -0.0151435
biases:
0
0
0
0
0
0
0
0
